3.403947114944458008e+00
3.496472358703613281e+00
3.535736322402954102e+00
3.589187383651733398e+00
3.473695755004882812e+00
3.081518411636352539e+00
2.985161542892456055e+00
3.247941493988037109e+00
3.270320415496826172e+00
3.652545213699340820e+00
4.017023086547851562e+00
3.950969934463500977e+00
3.980845212936401367e+00
4.195701599121093750e+00
4.039597034454345703e+00
4.006609439849853516e+00
3.882393598556518555e+00
4.185075283050537109e+00
4.239906311035156250e+00
4.213177680969238281e+00
4.454294681549072266e+00
4.329354763031005859e+00
9.849552154541015625e+00
9.835505485534667969e+00
9.875898361206054688e+00
9.988180160522460938e+00
9.839647293090820312e+00
9.988866806030273438e+00
9.772866249084472656e+00
9.958178520202636719e+00
9.878630638122558594e+00
9.925257682800292969e+00
9.747694015502929688e+00
9.827964782714843750e+00
9.968282699584960938e+00
9.986761093139648438e+00
9.787668228149414062e+00
9.889436721801757812e+00
9.835992813110351562e+00
9.813275337219238281e+00
9.905277252197265625e+00
9.712188720703125000e+00
9.702661514282226562e+00
9.904398918151855469e+00
9.432129859924316406e+00
7.083894252777099609e+00
9.652618408203125000e+00
9.331437110900878906e+00
9.176719665527343750e+00
8.050836563110351562e+00
