1.304797311741756205e-12
1.304797311741756205e-12
1.304797311741756205e-12
1.423415249172824933e-12
1.423415249172824933e-12
1.423415249172824933e-12
1.423415249172824933e-12
1.739729748989008341e-12
1.897886998897100045e-12
1.957195967612634409e-12
6.203559681109338184e-04
9.925695489774941094e-04
1.063467373904457974e-03
1.063467373904457974e-03
1.063467373904457974e-03
1.063467373904457974e-03
1.063467373904457974e-03
1.063467373904457974e-03
1.063467373904457974e-03
1.240044514743284931e-03
1.240044514743284931e-03
1.240711936221867637e-03
1.654282581629156921e-03
1.654282581629156921e-03
1.654282581629156921e-03
3.331933215597307398e-03
3.331933215597307398e-03
3.331933215597307398e-03
3.331933215597307398e-03
3.331933215597307398e-03
3.331933215597307398e-03
3.331933215597307398e-03
3.331933215597307398e-03
3.331933215597307398e-03
3.331933215597307398e-03
3.331933215597307398e-03
3.331933215597307398e-03
3.331933215597307398e-03
3.331933215597307398e-03
3.331933215597307398e-03
4.997899823395961227e-02
8.848343835714984895e-02
9.449310878981008466e-02
9.961676712352370011e-02
9.986266492249372406e-02
9.993720509065945334e-02
9.996244461728281960e-02
9.996549973818867618e-02
9.998409678047498472e-02
9.999593225227917936e-02
