1.228823139280639557e-12
1.276961018634534215e-12
1.276961018634534215e-12
1.293053671848931924e-12
1.366093765516928470e-12
1.405687988817030762e-12
1.405687988817030762e-12
1.418946691126455765e-12
1.505487519556433305e-12
1.534414958999527308e-12
1.573068146251980650e-12
1.659772582127177562e-12
1.659772582127177562e-12
1.691819775403220888e-12
1.875392850518339098e-12
1.881838714321582219e-12
2.762371280135173998e-12
2.814633844619762734e-12
2.923359277276837417e-12
3.351592357530398653e-12
3.777659535462514658e-04
6.556484699467242166e-04
7.555319070925029315e-04
7.555319070925029315e-04
1.311296939893448433e-03
1.604847077209040768e-03
1.604847077209040768e-03
1.941310378533337181e-03
2.266595721277508795e-03
2.407270615813561151e-03
2.407270615813561151e-03
3.000359833333148332e-03
3.610905923720341727e-03
3.610905923720341727e-03
7.870052938355787814e-03
7.870052938355787814e-03
7.870052938355787814e-03
7.870052938355787814e-03
9.936510969532469026e-03
1.574010587671157563e-02
1.734495295392061640e-02
9.939051676744585506e-02
9.989169216680110486e-02
9.996443768146653919e-02
9.997582461103733664e-02
9.998858376102959244e-02
9.999139842163745628e-02
9.999271000232179407e-02
9.999423431174180033e-02
9.999873234282365131e-02
